compressed (DWN)
0000000: 10000001 01000000 00100110 10010011 00111000 01000100  .@&.8D
0000006: 00000000 00000000 11000001 00011001 00000000 00010000  ......
000000c: 11110000 00101110 11011110 01001000 00000100 00000100  ...H..
0000012: 00000000 11000010 00000000 01100001 10010110 00000000  ...a..
0000018: 01001001 00000000 00111101 11100000 00101111 11110000  I.=./.
000001e: 00100000 01111000 00010100 01111100 00001100 01011110   x.|.^
0000024: 00000111 00111111 00000100 00100111 10000010 01010111  .?.'.W
000002a: 11000001 01001101 11100000 10110111 11110000 01100100  .M...d
0000030: 01111000 00110110 01111100 00011101 01011110 00001111  x6|.^.
0000036: 10111011 10010000 00000100 00100011 11000010 00110010  ...#.2

uncompressed (DW2):
0000000: 00000010 00000000 00110100 00110011 00001000 00000000  ..43..
0000006: 00000000 00000000 00011001 00000000 00110100 00110011  ....43
000000c: 00111100 01100110 00010101 00000000 00000001 00000000  <f....
0000012: 00000000 00000000 01001110 01100110 01010011 01010011  ..NfSS
0000018: 01011011 01011011 01011011 01101100 01101100 01100110  [[[llf
000001e: 01011110 01001110 01010011 01010011 01100100 01100110  ^NSSdf
0000024: 01010011 01000110 01000100 01000100 01000001 01000001  SFDDAA
000002a: 01000100 01000100 01000100 01000100 01000100 01000100  DDDDDD
0000030: 01000001 01000100 01000100 01000100 01000100 01000100  ADDDDD
0000036: 01000100 01000100 01000110 01000100 01000100 01000100  DDFDDD
